q4=[22.73004117	114.2408795	;
22.72704287	114.2996199	;
22.70131065	114.2336007	;
22.73235925	114.2866672	;
22.71839144	114.2575495	;
22.75392493	114.3819253	;
22.72404221	114.2721836	;
22.71937803	114.2732478	;
22.73028254	114.2304955	;
22.7187968	114.267027	;
22.65746229	114.3476957	;
22.71611614	114.2474716	;
22.72986374	114.2939012	;
22.746174	114.285869	;
22.7333086	114.2943071	;
22.74551648	114.2744633	;
22.72282036	114.2654813	;
22.72492675	114.2731306	;
22.74551648	114.2744633	;
22.75335785	114.285655	;
22.72554895	114.2724564	;
22.73048185	114.2297108	;
22.75031119	114.2734629	;
22.73832325	114.2906521	;
22.72204702	114.2629243	;
22.72837483	114.2928568	;
22.73756811	114.2823889	;
22.73188624	114.3028398	;
22.74778137	114.2747219	;
22.73658843	114.2961774	;
22.74121631	114.2620083	;
22.70831192	114.2434107	;
22.73658843	114.2961774	;
22.65746229	114.3476957	;
22.73385612	114.2613534	;
22.73305308	114.3011875	;
22.732721	114.261045	;
22.73287891	114.2611436	;
22.65746229	114.3476957	;
22.73581545	114.2735094	;
22.73156241	114.2875823	;
22.7167929	114.2703179	;
22.72610429	114.2414213	;
22.70601576	114.2416887	;
22.70584501	114.2428698	;
22.65746229	114.3476957	;
22.71886556	114.2658133	;
22.73806842	114.2664469	;
22.73841361	114.2769492	;
22.69864675	114.2417616	;
22.719527	114.265143	;
22.65746229	114.3476957	;
22.72230496	114.2514128	;
22.71929156	114.2602181	;
22.73305324	114.2761711	;
22.71670893	114.2452346	;
22.72171594	114.2780743	;
22.73079366	114.2683862	;
22.71392643	114.237995	;
22.72085613	114.247361	;
22.73008534	114.3031914	;
22.72504817	114.2923585	;
22.71013195	114.2495414	;
22.73597693	114.2767908	;
22.73319874	114.2894757	;
22.72256534	114.2786661	;
22.73007657	114.3032102	;
22.72538813	114.2953439	;
22.73815392	114.2569106	;
22.72951735	114.2401706	;
22.72391473	114.2957052	;
22.72951735	114.2401706	;
22.72370574	114.2917726	;
22.74288185	114.2883525	;
22.7243195	114.261971	;
22.72428899	114.2620111	;
22.65746229	114.3476957	;
22.72426525	114.296727	;
22.70931634	114.2465701	;
22.73052926	114.2806588	;
22.72020559	114.2920284	;
22.69916025	114.2432151	;
22.7870271	114.3308735	;
22.71626246	114.2704209	;
22.73533826	114.2594777	;
22.70468225	114.234143	;
22.70289012	114.2364959	;
22.73310324	114.2772374	;
22.70049094	114.2406953	;
22.73198737	114.2326041	;
22.71811748	114.2480026	;
22.71823136	114.248542	;
22.73315615	114.2976629	;
22.7308492	114.2427673	;
22.71448951	114.2443288	;
22.74160353	114.2875816	;
22.72943188	114.2668519	;
22.729348	114.279054	;
22.69963949	114.1445579	;
22.73636566	114.2858926	;
22.74680488	114.2693444	;
22.72312465	114.2747366	;
22.75419616	114.284078	;
22.72852163	114.2297897	;
22.70933559	114.2612754	;
22.73393225	114.2489042	;
22.73393225	114.2489042	;
22.71142907	114.2635062	;
22.7001461	114.2400287	;
22.65746229	114.3476957	;
22.57170781	113.9054286	;
22.69916025	114.2432151	;
22.58012226	113.8844056	;
22.57806395	113.8930076	;
22.57091037	113.9009025	;
22.72726491	114.3009914	;
22.73389406	114.2396681	;
22.56992336	113.9013757	;
22.58035946	113.8984183	;
22.56561999	113.8947079	;
22.56910214	113.8860951	;
22.57170781	113.9054286	;
22.55822386	114.0818804	;
22.58410432	113.9122078	;
22.57987513	113.8978568	;
22.57712134	113.8638951	;
22.57170781	113.9054286	;
22.57168291	113.8877469	;
22.57303132	113.8814413	;
22.57267667	113.8805319	;
22.58175242	114.1113526	;
22.58590837	113.8689944	;
22.57243072	113.8808339	;
22.58240219	113.9123868	;
22.58505996	113.8804038	;
22.5831793	113.8718454	;
22.56485883	113.9045792	;
22.58594296	113.8795634	;
22.56657119	113.9046491	;
22.58756183	113.9117972	;
22.58448467	113.9136259	;
22.5736525	113.8819075	;
22.58141842	113.9088748	;
22.58208009	113.9149636	;
22.59600774	113.8942174	;
22.58466698	113.9117696	;
22.58197694	113.9099919	;
22.58483596	113.907636	;
22.58198463	113.9089284	;
22.57383761	113.8956075	;
22.70743279	113.9300131	;
22.58376293	113.905228	;
22.58666121	113.9091719	;
22.58336455	113.8930415	;
22.57119236	113.8871773	;
22.58133203	113.9072224	;
22.570735	113.888782	;
22.58551616	113.8933101	;
22.59407372	113.8948922	;
22.58541388	113.8931929	;
22.58551616	113.8933101	;
22.60766566	113.8585519	;
22.57622074	113.8767875	;
22.56510124	113.8858711	;
22.5931062	113.9021913	;
22.58700738	113.9231605	;
22.58750507	113.9071832	;
22.59051277	113.8960994	;
22.57711212	113.873867	;
22.58732409	113.9078329	;
22.59051277	113.8960994	;
22.58961102	113.918917	;
22.57966703	113.8737324	;
22.5744374	113.8899815	;
22.58685109	113.8936543	;
22.58680135	113.8936142	;
22.57500555	113.8905324	;
22.59461111	113.9010205	;
22.56548368	113.894197	;
22.58145629	113.8647656	;
22.58095046	113.8998611	;
22.57756841	113.9026461	;
22.56975718	113.9104326	;
22.5861062	113.8943549	;
22.58166841	113.8803978	;
22.55544624	113.8991863	;
22.55443044	113.8943467	;
22.57352699	113.8751521	;
22.74690859	114.0246196	;
22.55592573	113.8918949	;
22.57721378	113.8818248	;
22.56233651	113.9076439	;
22.57483549	113.8811973	;
22.56840437	113.8955019	;
22.57179737	113.8938529	;
22.57991456	113.9186506	;
22.58118773	113.919615	;
22.58699587	113.8709936	;
22.70743279	113.9300131	;
22.59026789	113.8716802	;
22.56723379	113.8977448	;
22.58148284	113.9198961	;
22.56634249	113.8997181	;
22.58699587	113.8709936	;
22.56702598	113.9105272	;
22.57942148	113.8916572	;
22.59021636	113.9036465	;
22.57129816	113.8920232	;
22.56483939	113.9142709	;
22.56648854	113.8811251	;
22.53470014	113.934485	;
22.56356707	113.8834799	;
22.58829674	113.8708217	;
22.57134458	113.894243	;
22.5643814	113.9089121	;
22.56392369	113.9068952	;
22.56417316	113.908003	;
22.58433891	113.8809909	;
22.59001679	113.8669876	;
23.12505187	113.4261179	;
23.1328338	113.4343643	;
23.12908146	113.425454	;
23.15568967	113.4144292	;
23.12689122	113.4261471	;
23.13405701	113.401953	;
23.12689122	113.4261471	;
23.13146449	113.3995361	;
23.1243926	113.4262066	;
23.12922062	113.422686	;
23.12411148	113.4260987	;
23.20441423	113.3732346	;
23.16612927	113.3856429	;
23.12923272	113.4285739	;
23.13438526	113.3869839	;
23.18017757	113.3575718	;
23.16306207	113.3489867	;
23.17957517	113.3573318	;
23.14151184	113.3622198	;
23.17402066	113.3658252	;
23.12820124	113.4098039	;
23.17773454	113.3592463	;
23.17196247	113.3533515	;
23.14151184	113.3622198	;
23.17630829	113.3577083	;
23.11822805	113.3654361	;
23.1912179	113.3356676	;
23.1205956	113.3644074	;
23.1210796	113.3705992	;
23.1582894	113.3588341	;
23.1215785	113.3771234	;
23.12641073	113.3664706	;
23.1630241	113.3350317	;
23.12173317	113.3642769	;
23.11797902	113.3634212	;
23.21850801	113.38547	;
23.16659194	113.3382389	;
23.21664501	113.391511	;
23.12116497	113.4259499	;
23.16612927	113.3856429	;
23.11974432	113.4242469	;
23.2032568	113.371018	;
23.19488528	113.3482489	;
23.21719106	113.3842337	;
23.207743	113.3871093	;
23.16791901	113.333968	;
23.12054511	113.3786088	;
23.2066358	113.3301951	;
23.16389013	113.4163251	;
23.16825306	113.3381455	;
23.12768631	113.3370741	;
23.13175467	113.4083019	;
23.12652681	113.3397282	;
23.12252179	113.3355431	;
23.12769351	113.3375407	;
23.16515112	113.4156573	;
23.16156123	113.3040001	;
23.19965405	113.3471287	;
23.16612927	113.3856429	;
23.13075055	113.3357563	;
23.15618288	113.312235	;
23.16612927	113.3856429	;
23.12544156	113.4121673	;
23.20209388	113.4056993	;
23.14811461	113.3527602	;
23.14634409	113.3274108	;
23.14744653	113.3511514	;
23.20467801	113.432874	;
23.13689572	113.3511279	;
23.14080635	113.3458805	;
23.15029712	113.3464253	;
23.13980826	113.3276992	;
23.12741628	113.4158214	;
23.1347199	113.3692562	;
23.13708468	113.3341858	;
23.13325275	113.3927583	;
23.14043782	113.3856567	;
23.13020053	113.3756045	;
23.13208667	113.3897653	;
23.13746237	113.3939663	;
23.1332381	113.3860504	;
23.11587316	113.4138164	;
23.17528334	113.3591743	;
23.13600769	113.3859074	;
23.13612309	113.3963694	;
23.11401571	113.4172338	;
23.11486722	113.4190267	;
23.11640019	113.4177526	;
23.14889709	113.3141524	;
23.14097651	113.3827285	;
23.13554328	113.3499491	;
