data1=[114.096634	22.632549	;
114.089516	22.570801	;
114.125465	22.703733	;
114.190414	22.649532	;
114.083946	22.703867	;
114.191399	22.64395	;
114.208633	22.689533	;
113.820747	22.776083	;
113.876816	22.584833	;
114.213135	22.721767	;
114.127586	22.694418	;
114.206902	22.647699	;
113.930367	22.527918	;
113.827583	22.650517	;
113.910553	22.487499	;
113.921768	22.521633	;
114.129349	22.632032	;
114.19368	22.653517	;
113.84285	22.75135	;
114.19693	22.651583	;
114.144234	22.554399	;
113.918404	22.52566	;
114.083984	22.549316	;
113.75238	22.774	;
114.121246	22.698601	;
113.814133	22.650932	;
114.144485	22.6726	;
114.107681	22.697767	;
114.079018	22.540417	;
114.130981	22.700083	;
114.130302	22.699284	;
114.041069	22.525734	;
114.04583	22.642384	;
113.814415	22.651367	;
114.131783	22.686016	;
114.060181	22.691233	;
114.126053	22.697132	;
114.101868	22.543083	;
114.13472	22.689783	;
114.202499	22.648582	;
113.87838	22.58345	;
114.101868	22.699568	;
114.16893	22.718483	;
113.870552	22.588066	;
113.795464	22.734182	;
114.197197	22.646133	;
113.814079	22.651117	;
113.875565	22.58345	;
114.155403	22.687201	;
113.910332	22.530018	;
114.092346	22.55415	;
114.022202	22.527134	;
114.219666	22.629667	;
113.962532	22.598383	;
113.86898	22.57645	;
114.131104	22.698017	;
114.129379	22.550751	;
113.997581	22.662701	;
114.057098	22.525883	;
114.110046	22.541733	;
114.123184	22.7017	;
114.139	22.6971	;
114.099297	22.57725	;
114.113853	22.537701	;
114.454582	22.632351	;
114.050247	22.535482	;
113.823914	22.676718	;
114.134903	22.609751	;
114.11705	22.545433	;
114.05407	22.564951	;
114.122536	22.561983	;
114.055496	22.631617	;
113.889549	22.56735	;
113.817566	22.648417	;
113.989571	22.53565	;
114.125771	22.549767	;
113.815117	22.6514	;
114.110565	22.541933	;
113.920532	22.547882	;
114.032936	22.628933	;
114.084579	22.551617	;
113.915398	22.6535	;
113.928749	22.666767	;
114.023148	22.662951	;
114.07975	22.540518	;
114.11647	22.548599	;
114.085167	22.703199	;
113.79747	22.789482	;
113.81665	22.650101	;
114.048416	22.592283	;
114.121429	22.56905	;
114.238403	22.697849	;
114.220001	22.677233	;
114.117104	22.543217	;
113.93483	22.55975	;
113.692436	22.79315	;
114.081833	22.539551	;
114.017685	22.68005	;
114.103615	22.698532	;
113.859863	22.650932	;
114.2714	22.7309	;
114.15818	22.611767	;
114.021118	22.544649	;
114.138847	22.577316	;
114.125114	22.567551	;
113.935753	22.565201	;
114.178665	22.558268	;
114.007034	22.590483	;
114.119469	22.597017	;
114.224113	22.702932	;
113.96328	22.543583	;
114.024734	22.533783	;
113.884003	22.581516	;
113.885071	22.573366	;
114.059013	22.527582	;
114.012299	22.662367	;
113.830132	22.602983	;
114.070847	22.531967	;
114.067863	22.5511	;
114.049896	22.646999	;
114.280952	22.728416	;
114.063271	22.525667	;
113.914902	22.658951	;
114.0495	22.5382	;
114.135902	22.557432	;
114.158966	22.610184	;
113.915497	22.654118	;
113.84185	22.615017	;
113.881653	22.566633	;
114.067284	22.527634	;
114.022499	22.555468	;
114.069183	22.538782	;
114.13472	22.568684	;
114.025002	22.560217	;
113.975037	22.537767	;
114.053001	22.5277	;
114.117836	22.5401	;
114.130783	22.691282	;
114.068031	22.558132	;
114.11998	22.544367	;
114.090446	22.53805	;
114.086166	22.5432	;
114.118599	22.540632	;
114.030281	22.6194	;
113.909035	22.538366	;
113.930267	22.524317	;
114.112465	22.585083	;
114.115784	22.542833	;
113.960899	22.599684	;
114.07177	22.531918	;
113.897614	22.769733	;
113.92067	22.512251	;
113.93277	22.520634	;
114.116486	22.551683	;
114.034248	22.625366	;
113.814903	22.6516	;
113.820831	22.648033	;
113.838799	22.734133	;
114.012032	22.686483	;
113.80983	22.72295	;
114.231354	22.70355	;
114.033752	22.727283	;
113.916199	22.517218	;
114.109383	22.602083	;
114.071503	22.545851	;
114.009621	22.529934	;
114.111519	22.607767	;
114.1203	22.538883	;
114.079681	22.53895	;
114.078964	22.548983	;
114.11792	22.541451	;
114.115067	22.591833	;
114.125786	22.697283	;
113.870651	22.595432	;
113.92363	22.523767	;
113.914452	22.525417	;
114.053215	22.584482	;
113.952003	22.523518	;
114.113365	22.5459	;
113.859947	22.6397	;
113.81488	22.651333	;
114.071899	22.53475	;
114.019417	22.531834	;
114.129646	22.57715	;
114.108818	22.537634	;
114.261635	22.733868	;
113.837532	22.729116	;
114.132332	22.561583	;
114.102249	22.547817	;
113.89415	22.564133	;
113.988281	22.676001	;
114.414368	22.632282	;
113.988098	22.690817	;
114.080551	22.536734	;
114.02533	22.632133	;
114.113831	22.54245	;
113.998886	22.546101	;
114.056267	22.5306	;
114.042915	22.601868	;
113.88945	22.570133	;
114.269882	22.731716	;
114.124817	22.570133	;
114.116318	22.55875	;
114.057098	22.525932	;
113.932785	22.670017	;
114.117485	22.679132	;
113.818382	22.646868	;
114.250084	22.719683	;
114.065765	22.6423	;
114.023552	22.525351	;
113.894051	22.573999	;
114.113564	22.541416	;
114.10257	22.628933	;
114.115784	22.544733	;
113.922623	22.493505	;
114.081299	22.54775	;
114.118469	22.565599	;
114.147667	22.588249	;
114.047798	22.537167	;
113.88385	22.581583	;
114.092583	22.5383	;
114.047897	22.537649	;
113.84362	22.599266	;
114.247719	22.722218	;
114.202271	22.6495	;
114.102119	22.56155	;
114.066681	22.526617	;
114.106598	22.536182	;
114.010185	22.543051	;
114.024681	22.657249	;
113.897148	22.576433	;
114.054047	22.56765	;
114.084114	22.548332	;
114.056602	22.565599	;
114.113632	22.539984	;
113.836098	22.780132	;
113.919464	22.5718	;
114.124832	22.559017	;
114.033119	22.547817	;
114.04425	22.550318	;
114.054733	22.531334	;
114.065849	22.629116	;
113.958885	22.5229	;
114.047935	22.5397	;
114.047867	22.538168	;
114.314331	22.950899	;
114.142319	22.685516	;
113.81472	22.651333	;
114.11248	22.547318	;
114.012932	22.664717	;
114.067749	22.528282	;
114.114281	22.550583	;
114.105064	22.541	;
114.091148	22.547701	;
113.918785	22.496983	;
113.886971	22.495583	;
114.271751	22.731583	;
114.1101	22.6021	;
114.112579	22.5361	;
114.12368	22.547632	;
114.065514	22.523067	;
114.111916	22.537933	;
114.046951	22.709433	;
114.112434	22.586067	;
114.048683	22.604282	;
114.130699	22.5781	;
114.064964	22.5315	;
114.105003	22.620649	;
113.814781	22.651117	;
113.911316	22.487967	;
114.112549	22.601482	;
113.89257	22.675283	;
114.118431	22.54665	;
113.923981	22.555349	;
113.897118	22.563084	;
113.896317	22.581949	;
114.041321	22.520384	;
113.920815	22.518801	;
114.11348	22.545467	;
114.133751	22.576418	;
113.92025	22.5005	;
113.875801	22.583967	;
114.068634	22.531683	;
113.999298	22.689632	;
114.031349	22.563667	;
113.866882	22.577984	;
114.067917	22.556499	;
113.915649	22.50375	;
114.087898	22.549299	;
113.953247	22.563784	;
114.10865	22.618017	;
114.008934	22.539883	;
114.128647	22.556868	;
113.817314	22.64875	;
114.121002	22.543016	;
114.032768	22.529867	;
114.110565	22.547768	;
114.093864	22.540133	;
114.131035	22.544783	;
114.129204	22.695351	;
114.067665	22.551216	;
114.110703	22.587683	;
113.993782	22.546667	;
114.026131	22.527983	;
114.103867	22.540382	;
114.082115	22.534834	;
113.992447	22.538418	;
114.115349	22.579718	;
114.078636	22.534767	;
114.101234	22.627518	;
113.918083	22.50845	;
113.924202	22.523567	;
114.030533	22.620667	;
113.816635	22.649134	;
114.120834	22.5394	;
114.02372	22.531116	;
114.068298	22.533001	;
114.19445	22.644951	;
114.134415	22.576616	;
114.090263	22.558451	;
113.816467	22.647383	;
114.089149	22.537867	;
113.934799	22.55975	;
114.067581	22.559032	;
114.110916	22.533533	;
114.113953	22.534483	;
114.058533	22.57555	;
114.065681	22.716917	;
114.121086	22.5473	;
114.222321	22.554533	;
113.816032	22.6511	;
114.198669	22.6509	;
114.0065	22.529867	;
114.047852	22.538317	;
114.100983	22.541149	;
114.048401	22.6759	;
114.085434	22.537416	;
113.927132	22.741449	;
114.084053	22.537184	;
114.040382	22.645718	;
114.104713	22.542032	;
114.12072	22.542667	;
113.91893	22.519783	;
113.816284	22.647833	;
114.008034	22.536917	;
114.062515	22.527767	;
113.951103	22.574467	;
114.113602	22.5413	;
114.158951	22.609734	;
114.081467	22.549101	;
113.814667	22.649567	;
114.08168	22.543283	;
113.959785	22.541616	;
113.821548	22.648149	;
