a=[142.46	5018.36	323	;
24.29	612.76	7	;
150.17	4018.26	985	;
103.99	2253.69	286	;
238.64	4287.86	205	;
44.63	701.66	3	;
62.5	920.59	6	;
167.28	2401.82	180	;
325.78	3612.18	346]	;

x1=a(:,1);
x2=a(:,2);
y=a(:,3);
X=[ones(9,1),x1,x2];
cftool
%b=regress(y,X)